<?xml version="1.0"?>
<opencv_storage>
<camera_matrix type_id="opencv-matrix">
  <rows>3</rows>
  <cols>3</cols>
  <dt>d</dt>
  <data>
    9.9473532636154357e+02 0. 6.2466344095358204e+02 0.
    9.9816646783725832e+02 3.6408742556922607e+02 0. 0. 1.</data></camera_matrix>
<cam_distortion type_id="opencv-matrix">
  <rows>1</rows>
  <cols>5</cols>
  <dt>d</dt>
  <data>
    -1.6321888358994174e-01 6.6783406157588499e-01
    -1.2185442233194961e-03 -3.0315776409916288e-03
    -1.0215992729832535e+00</data></cam_distortion>
</opencv_storage>
